-82.6983 41.4833 
-82.8961 41.7306 
-82.9072 41.5606 
-83.0055 41.0127 
-83.0085 41.6168 
-83.0087 41.6166 
-83.0088 41.6167 
-83.0089 41.6171 
-83.0089 41.6178 
-83.0091 41.6166 
-83.0097 41.6189 
-83.0105 41.6187 
-83.0107 41.6165 
-83.0109 41.6167 
-83.0111 41.6167 
-83.0115 41.6174 
-83.0116 41.6167 
-83.0116 41.6191 
-83.0117 41.618 
-83.0118 41.6172 
-83.0118 41.6181 
-83.0119 41.6158 
-83.0119 41.6174 
-83.0122 41.6173 
-83.012 41.6171 
-83.0124 41.6177 
-83.0124 41.6196 
-83.0125 41.6174 
-83.0125 41.6181 
-83.0126 41.6177 
-83.0126 41.6183 
-83.0128 41.6173 
-83.0128 41.6177 
-83.0131 41.6169 
-83.0132 41.6174 
-83.0132 41.6181 
-83.0132 41.7189 
-83.0133 41.6182 
-83.013 41.6151 
-83.013 41.6185 
-83.0134 41.6163 
-83.0137 41.617 
-83.0138 41.6189 
-83.0138 41.6193 
-83.0138 41.7215 
-83.0143 41.6191 
-83.0144 41.6184 
-83.0145 41.6186 
-83.0145 41.7189 
-83.0146 41.5541 
-83.0148 41.7177 
-83.0163 41.7179 
-83.0163 41.7205 
-83.016 41.7172 
-83.016 41.7186 
-83.0166 41.7194 
-83.0167 41.7179 
-83.0173 41.7179 
-83.017 41.7183 
-83.0183 41.6165 
-83.0184 41.7198 
-83.0199 41.6254 
-83.052 41.7433 
-83.1144 41.7394 
-83.1294 41.6439 
-83.1301 41.7386 
-83.1328 41.746 
-83.133 41.7448 
-83.1335 41.743 
-83.1336 41.7442 
-83.1336 41.7444 
-83.1337 41.7421 
-83.1337 41.7441 
-83.1339 41.744 
-83.1342 41.7418 
-83.134 41.739 
-83.1345 41.7437 
-83.1346 41.7411 
-83.1346 41.7443 
-83.1348 41.7447 
-83.1349 41.743 
-83.1351 41.7419 
-83.1351 41.7444 
-83.1352 41.7432 
-83.1353 41.7414 
-83.1353 41.7439 
-83.135 41.7428 
-83.1355 41.7427 
-83.1355 41.7451 
-83.1356 41.7417 
-83.1356 41.7431 
-83.1357 41.7423 
-83.1359 41.7435 
-83.1359 41.7444 
-83.1361 41.705 
-83.1361 41.7408 
-83.1362 41.7406 
-83.1363 41.7415 
-83.1363 41.742 
-83.1363 41.7422 
-83.1364 41.7387 
-83.1364 41.7423 
-83.1365 41.735 
-83.1365 41.7418 
-83.1366 41.7421 
-83.1366 41.7424 
-83.1366 41.7427 
-83.1366 41.7429 
-83.1367 41.745 
-83.1368 41.7426 
-83.1369 41.7429 
-83.1369 41.7436 
-83.1371 41.741 
-83.1371 41.7423 
-83.1372 41.7415 
-83.1373 41.7422 
-83.1373 41.743 
-83.137 41.7442 
-83.137 41.745 
-83.1374 41.744 
-83.1375 41.7418 
-83.1377 41.743 
-83.1378 41.7429 
-83.1381 41.7423 
-83.1381 41.7441 
-83.1381 41.7445 
-83.1382 41.742 
-83.1382 41.7426 
-83.138 41.7406 
-83.138 41.7432 
-83.138 41.7434 
-83.1384 41.7439 
-83.1387 41.7423 
-83.1387 41.743 
-83.1388 41.7429 
-83.1389 41.7431 
-83.1392 41.7417 
-83.1392 41.7419 
-83.1393 41.7428 
-83.1395 41.7421 
-83.1395 41.7461 
-83.1404 41.7402 
-83.1408 41.7406 
-83.1409 41.7428 
-83.1413 41.7403 
-83.1418 41.7376 
-83.1418 41.7417 
-83.1429 41.6597 
-83.1431 41.6592 
-83.1439 41.6588 
-83.1441 41.741 
-83.1442 41.6586 
-83.1443 41.7429 
-83.1444 41.6604 
-83.1444 41.7397 
-83.1446 41.6576 
-83.1449 41.6189 
-83.1449 41.6576 
-83.1451 41.6582 
-83.1451 41.6589 
-83.1456 41.6599 
-83.1458 41.6586 
-83.1463 41.6617 
-83.1468 41.6586 
-83.1471 41.6595 
-83.1484 41.7415 
-83.1514 41.7415 
-83.1521 41.6315 
-83.1675 41.796 
-83.1678 41.9138 
-83.1893 41.8265 
-83.1904 41.827 
-83.1904 41.8302 
-83.1906 41.8264 
-83.1912 41.8284 
-83.191 41.8269 
-83.1915 41.8263 
-83.1918 41.826 
-83.1918 41.8265 
-83.1918 41.8272 
-83.1919 41.8261 
-83.1921 41.8261 
-83.1921 41.827 
-83.1923 41.825 
-83.192 41.8268 
-83.192 41.8278 
-83.1925 41.826 
-83.1925 41.8266 
-83.1925 41.8278 
-83.1926 41.8283 
-83.1927 41.7263 
-83.1927 41.8257 
-83.1928 41.826 
-83.1928 41.8269 
-83.1928 41.827 
-83.1929 41.8263 
-83.1931 41.8259 
-83.1931 41.826 
-83.1931 41.8266 
-83.1931 41.8269 
-83.1931 41.8272 
-83.1932 41.8262 
-83.1932 41.827 
-83.1932 41.8271 
-83.1933 41.8256 
-83.1933 41.8267 
-83.1933 41.8283 
-83.193 41.8267 
-83.193 41.8268 
-83.1934 41.8262 
-83.1934 41.8263 
-83.1934 41.8265 
-83.1935 41.8265 
-83.1935 41.8272 
-83.1935 41.8318 
-83.1936 41.8262 
-83.1936 41.8264 
-83.1936 41.8269 
-83.1936 41.8271 
-83.1937 41.8266 
-83.1938 41.7608 
-83.1938 41.8259 
-83.1938 41.8262 
-83.1938 41.8264 
-83.1939 41.8252 
-83.1939 41.8255 
-83.1939 41.8262 
-83.1939 41.8266 
-83.1941 41.1941 
-83.1941 41.8262 
-83.1941 41.8266 
-83.1942 41.8277 
-83.1942 41.8286 
-83.1943 41.8267 
-83.1943 41.8275 
-83.194 41.8268 
-83.194 41.827 
-83.194 41.8275 
-83.1944 41.8259 
-83.1944 41.8268 
-83.1944 41.827 
-83.1944 41.8278 
-83.1945 41.8255 
-83.1945 41.8264 
-83.1945 41.827 
-83.1945 41.8271 
-83.1946 41.8254 
-83.1946 41.8259 
-83.1946 41.8261 
-83.1947 41.826 
-83.1947 41.8268 
-83.1947 41.8285 
-83.1948 41.8263 
-83.1948 41.8265 
-83.1948 41.8269 
-83.1948 41.8276 
-83.1949 41.8256 
-83.1951 41.8258 
-83.1951 41.826 
-83.1951 41.8261 
-83.1951 41.8262 
-83.1951 41.8282 
-83.1952 41.8258 
-83.1952 41.8273 
-83.1953 41.759 
-83.195 41.8257 
-83.195 41.8262 
-83.195 41.8266 
-83.1954 41.8253 
-83.1954 41.8261 
-83.1954 41.8272 
-83.1956 41.8258 
-83.1956 41.8272 
-83.1957 41.8267 
-83.1957 41.8268 
-83.1957 41.8275 
-83.1958 41.8257 
-83.1959 41.8263 
-83.1963 41.8252 
-83.1965 41.8261 
-83.1965 41.8295 
-83.1966 41.8281 
-83.1967 41.8267 
-83.1969 41.826 
-83.197 41.8266 
-83.1975 41.8258 
-83.1976 41.8285 
-83.1978 41.8265 
-83.1981 41.8257 
-83.198 41.9209 
-83.1985 41.8252 
-83.199 41.8254 
-83.2045 41.8278 
-83.2107 41.3591 
-83.2114 41.3592 
-83.2117 41.3587 
-83.2197 41.8892 
-83.2388 41.676 
-83.2389 41.6392 
-83.2 41.8739 
-83.2464 41.7012 
-83.2498 41.7089 
-83.2507 41.7045 
-83.2517 41.7018 
-83.2519 41.7042 
-83.2525 41.7032 
-83.2528 41.704 
-83.2529 41.7027 
-83.2533 41.7034 
-83.2533 41.705 
-83.2536 41.7032 
-83.2537 41.7039 
-83.2538 41.7026 
-83.2538 41.7035 
-83.2539 41.7029 
-83.2539 41.703 
-83.2539 41.7035 
-83.2539 41.7038 
-83.2541 41.7022 
-83.2542 41.7042 
-83.2543 41.7031 
-83.2543 41.7033 
-83.2543 41.7039 
-83.254 41.7032 
-83.254 41.7038 
-83.2544 41.7022 
-83.2544 41.7031 
-83.2544 41.7032 
-83.2544 41.7048 
-83.2545 41.7039 
-83.2546 41.7031 
-83.2547 41.703 
-83.2547 41.7036 
-83.2547 41.7038 
-83.2548 41.7028 
-83.2549 41.7034 
-83.2551 41.703 
-83.2552 41.7042 
-83.2553 41.7032 
-83.2553 41.7037 
-83.2553 41.7038 
-83.255 41.7037 
-83.255 41.7047 
-83.2554 41.7044 
-83.2555 41.7027 
-83.2556 41.7032 
-83.2556 41.7034 
-83.2556 41.7043 
-83.2557 41.7036 
-83.2557 41.704 
-83.2558 41.7026 
-83.2558 41.7027 
-83.2561 41.7024 
-83.2561 41.7041 
-83.2562 41.7036 
-83.2563 41.7019 
-83.2563 41.7035 
-83.2563 41.705 
-83.256 41.7028 
-83.256 41.7052 
-83.2564 41.7027 
-83.2564 41.7037 
-83.2564 41.704 
-83.2564 41.7055 
-83.2565 41.7041 
-83.2567 41.7031 
-83.2571 41.7042 
-83.2572 41.7047 
-83.257 41.7026 
-83.257 41.7036 
-83.2574 41.704 
-83.2575 41.7032 
-83.2575 41.7045 
-83.2579 41.7028 
-83.2581 41.7036 
-83.2583 41.7033 
-83.2587 41.7033 
-83.2591 41.7031 
-83.2592 41.7028 
-83.2593 41.7032 
-83.2597 41.705 
-83.2598 41.7041 
-83.2607 41.7037 
-83.2607 41.7038 
-83.2608 41.7038 
-83.2611 41.7045 
-83.2616 41.704 
-83.2632 41.7059 
-83.263 41.7026 
-83.2653 41.7627 
-83.2662 41.7049 
-83.2668 41.7043 
-83.2706 41.7021 
-83.2719 41.7037 
-83.272 41.71 
-83.2909 41.8352 
-83.2914 41.71 
-83.3003 41.866 
-83.3034 41.7088 
-83.3041 41.7171 
-83.3072 41.7166 
-83.3097 41.9272 
-83.3222 41.7556 
-83.322 41.833 
-83.3253 41.9148 
-83.3264 41.7646 
-83.3266 41.7639 
-83.3269 41.7643 
-83.3272 41.7628 
-83.3272 41.7636 
-83.3274 41.7639 
-83.3275 41.764 
-83.3276 41.764 
-83.3278 41.7642 
-83.3279 41.763 
-83.3281 41.7642 
-83.3283 41.7638 
-83.3283 41.7647 
-83.328 41.7632 
-83.328 41.7633 
-83.3284 41.7638 
-83.3284 41.7646 
-83.3285 41.7635 
-83.3285 41.7659 
-83.3286 41.7625 
-83.3286 41.7639 
-83.3287 41.7152 
-83.3287 41.7619 
-83.3288 41.763 
-83.3288 41.7652 
-83.3289 41.7624 
-83.3289 41.7628 
-83.3289 41.7641 
-83.3291 41.7627 
-83.3292 41.7622 
-83.3292 41.7625 
-83.3292 41.7626 
-83.3293 41.7622 
-83.3293 41.7625 
-83.329 41.2633 
-83.329 41.7626 
-83.329 41.7627 
-83.3294 41.7297 
-83.3294 41.7636 
-83.3294 41.7655 
-83.3295 41.7624 
-83.3295 41.7626 
-83.3296 41.7639 
-83.3296 41.764 
-83.3297 41.7626 
-83.3297 41.7642 
-83.3298 41.7623 
-83.3298 41.7637 
-83.3298 41.7638 
-83.3299 41.7622 
-83.3299 41.7629 
-83.3299 41.7633 
-83.3301 41.7621 
-83.3301 41.7628 
-83.3301 41.7633 
-83.3301 41.7634 
-83.3301 41.7649 
-83.3302 41.7579 
-83.3302 41.7625 
-83.3302 41.7646 
-83.3303 41.7623 
-83.3303 41.7631 
-83.3303 41.7633 
-83.3303 41.7643 
-83.3305 41.7615 
-83.3305 41.7621 
-83.3305 41.7623 
-83.3305 41.7628 
-83.3305 41.7641 
-83.3306 41.7638 
-83.3306 41.7652 
-83.3307 41.7629 
-83.3308 41.7627 
-83.3308 41.7646 
-83.3308 41.7651 
-83.3309 41.7635 
-83.3309 41.7638 
-83.3311 41.7626 
-83.3311 41.7659 
-83.3312 41.7624 
-83.3312 41.7627 
-83.331 41.7636 
-83.3314 41.762 
-83.3314 41.7628 
-83.3314 41.7648 
-83.3315 41.7632 
-83.3316 41.7648 
-83.3318 41.7626 
-83.3319 41.7653 
-83.3321 41.7628 
-83.3321 41.7632 
-83.3321 41.7638 
-83.3323 41.7643 
-83.332 41.7524 
-83.332 41.7623 
-83.332 41.7636 
-83.332 41.7643 
-83.332 41.7644 
-83.332 41.7646 
-83.332 41.7654 
-83.3324 41.7633 
-83.3324 41.7635 
-83.3325 41.7625 
-83.3326 41.7652 
-83.3328 41.7647 
-83.333 41.7624 
-83.333 41.7629 
-83.3335 41.7657 
-83.3336 41.758 
-83.3338 41.761 
-83.3341 41.7667 
-83.33 41.7628 
-83.33 41.765 
-83.33 41.7953 
-83.3342 41.7636 
-83.3351 41.7647 
-83.3352 41.7637 
-83.3358 41.7624 
-83.3365 41.7706 
-83.3373 41.8361 
-83.3441 41.8356 
-83.3503 41.8353 
-83.3511 41.8338 
-83.3521 41.8342 
-83.352 41.8359 
-83.3527 41.8339 
-83.3538 41.8326 
-83.35 41.7578 
-83.3553 41.8341 
-83.3556 41.8363 
-83.3565 41.8346 
-83.3567 41.8338 
-83.3567 41.8339 
-83.3568 41.8331 
-83.3571 41.8337 
-83.3571 41.8343 
-83.3572 41.833 
-83.3573 41.833 
-83.357 41.8328 
-83.357 41.8358 
-83.3574 41.8335 
-83.3576 42.002 
-83.3578 41.8334 
-83.3579 41.8327 
-83.3579 41.8356 
-83.3581 41.8326 
-83.3581 41.8353 
-83.3582 41.8333 
-83.3583 41.8337 
-83.3583 41.8339 
-83.3583 41.8343 
-83.3584 41.8308 
-83.3584 41.8321 
-83.3584 41.8343 
-83.3586 41.8326 
-83.3587 41.8337 
-83.3587 41.8338 
-83.3588 41.8329 
-83.3588 41.8338 
-83.3589 41.8322 
-83.3589 41.8343 
-83.3591 41.832 
-83.3592 41.8192 
-83.3592 41.8356 
-83.3593 41.832 
-83.359 41.8318 
-83.359 41.8331 
-83.3596 41.8335 
-83.3598 41.8343 
-83.3598 41.8366 
-83.3599 41.8361 
-83.3601 41.8324 
-83.3603 41.8334 
-83.3603 41.8337 
-83.3604 41.8343 
-83.3605 41.8325 
-83.3605 41.8328 
-83.3605 41.8363 
-83.3606 41.8341 
-83.3607 41.8333 
-83.3609 41.8347 
-83.3611 41.8341 
-83.3611 41.8353 
-83.3613 41.8341 
-83.361 41.8336 
-83.361 41.8342 
-83.3614 41.8323 
-83.3614 41.8338 
-83.3616 41.8348 
-83.3622 41.8372 
-83.3623 41.8332 
-83.3623 41.8338 
-83.3623 41.8355 
-83.3624 41.8333 
-83.3624 41.8344 
-83.3624 41.8348 
-83.3625 41.8338 
-83.3625 41.8346 
-83.3626 41.8343 
-83.3626 41.8346 
-83.3626 41.8347 
-83.3626 41.8352 
-83.3627 41.8342 
-83.3627 41.8344 
-83.3627 41.8349 
-83.3629 41.8389 
-83.3631 41.8335 
-83.3631 41.8343 
-83.3631 41.8353 
-83.3631 41.8421 
-83.3632 41.8339 
-83.3632 41.834 
-83.3632 41.8344 
-83.3633 41.8334 
-83.3633 41.8343 
-83.3633 41.8344 
-83.3634 41.8334 
-83.3635 41.8347 
-83.3636 41.8334 
-83.3636 41.8339 
-83.3636 41.8341 
-83.3636 41.835 
-83.3637 41.8336 
-83.3637 41.8376 
-83.3638 41.8382 
-83.3639 41.8335 
-83.3639 41.8382 
-83.3641 41.8338 
-83.3642 41.834 
-83.364 41.8333 
-83.364 41.8339 
-83.3644 41.8348 
-83.3644 41.8351 
-83.3645 41.8346 
-83.3647 41.8346 
-83.3647 41.8379 
-83.3648 41.8348 
-83.3648 41.8364 
-83.3649 41.8333 
-83.3649 41.8335 
-83.3651 41.8332 
-83.3661 41.8402 
-83.3662 41.8369 
-83.3677 41.8335 
-83.368 41.8347 
-83.3712 41.7144 
-83.3748 41.7142 
-83.3756 41.7124 
-83.3762 41.7132 
-83.3772 41.7113 
-83.3779 41.7133 
-83.3781 41.711 
-83.3781 41.7123 
-83.3784 41.71 
-83.3788 41.7114 
-83.3791 41.7114 
-83.3792 41.712 
-83.379 41.7006 
-83.3794 41.7114 
-83.3794 41.7115 
-83.3795 41.7109 
-83.3795 41.7119 
-83.3795 41.7145 
-83.3798 41.7135 
-83.3799 41.7096 
-83.3803 41.7101 
-83.3804 41.7108 
-83.3804 41.7134 
-83.3805 41.7144 
-83.3806 41.7108 
-83.3806 41.7121 
-83.3806 41.7142 
-83.3806 41.7143 
-83.3809 41.7101 
-83.3809 41.7117 
-83.3811 41.7099 
-83.3812 41.7085 
-83.3812 41.71 
-83.3812 41.7107 
-83.3813 41.7091 
-83.3813 41.7108 
-83.3813 41.711 
-83.381 41.7096 
-83.3814 41.7105 
-83.3816 41.7098 
-83.3816 41.7122 
-83.3817 41.7105 
-83.3817 41.7112 
-83.3819 41.7105 
-83.3821 41.7108 
-83.3821 41.7154 
-83.382 41.7123 
-83.3824 41.7145 
-83.3825 41.7164 
-83.3826 41.7062 
-83.3827 41.7085 
-83.3827 41.7098 
-83.3829 41.7036 
-83.3829 41.7072 
-83.3832 41.7086 
-83.3832 41.7101 
-83.3832 41.7123 
-83.3833 41.707 
-83.3833 41.7076 
-83.3833 41.7094 
-83.3834 41.7167 
-83.3837 41.706 
-83.3837 41.8261 
-83.3838 41.7056 
-83.3838 41.707 
-83.38 41.7093 
-83.3843 41.704 
-83.384 41.7047 
-83.384 41.7055 
-83.384 41.7131 
-83.3844 41.7059 
-83.3845 41.7053 
-83.3846 41.7068 
-83.3846 41.7069 
-83.3847 41.7056 
-83.3848 41.7044 
-83.3848 41.7047 
-83.3848 41.7061 
-83.3848 41.7146 
-83.3849 41.7059 
-83.3851 41.7059 
-83.3852 41.7056 
-83.3852 41.7057 
-83.3852 41.7068 
-83.3853 41.7034 
-83.3853 41.7039 
-83.3853 41.7052 
-83.3853 41.7055 
-83.385 41.7047 
-83.385 41.7071 
-83.3854 41.7046 
-83.3856 41.7049 
-83.3856 41.7054 
-83.3856 41.7059 
-83.3857 41.7049 
-83.3857 41.7051 
-83.3857 41.7054 
-83.3857 41.7055 
-83.3858 41.7048 
-83.3858 41.7052 
-83.3858 41.7053 
-83.3858 41.7066 
-83.3859 41.7054 
-83.3859 41.7058 
-83.3861 41.706 
-83.3862 41.7048 
-83.3863 41.7038 
-83.3863 41.7052 
-83.386 41.7039 
-83.386 41.7041 
-83.386 41.7072 
-83.3864 41.7058 
-83.3865 41.7056 
-83.3866 41.7046 
-83.3866 41.7048 
-83.3866 41.7055 
-83.3868 41.706 
-83.3869 41.7109 
-83.3872 41.7044 
-83.3875 41.7038 
-83.3875 41.7045 
-83.3878 41.7059 
-83.3882 41.7044 
-83.388 41.7068 
-83.3895 41.8151 
-83.3909 41.7062 
-83.4028 41.8249 
-83.4046 41.8283 
-83.4212 41.7188 
-83.4218 41.7183 
-83.4219 41.7183 
-83.4221 41.7185 
-83.4222 41.7173 
-83.4222 41.7185 
-83.4224 41.7183 
-83.4225 41.7177 
-83.4225 41.7178 
-83.4227 41.7178 
-83.4227 41.718 
-83.4228 41.7169 
-83.4228 41.7178 
-83.4228 41.718 
-83.4228 41.7185 
-83.4229 41.7176 
-83.4229 41.7178 
-83.4231 41.7162 
-83.4232 41.7176 
-83.4232 41.7177 
-83.4232 41.718 
-83.4233 41.7176 
-83.4233 41.7269 
-83.423 41.7174 
-83.423 41.718 
-83.4234 41.7171 
-83.4234 41.7179 
-83.4236 41.717 
-83.4236 41.7175 
-83.4236 41.7187 
-83.4237 41.7183 
-83.4239 41.7176 
-83.4239 41.7178 
-83.4243 41.7171 
-83.424 41.717 
-83.424 41.7178 
-83.4244 41.7178 
-83.4245 41.7176 
-83.4245 41.718 
-83.425 41.7177 
-83.4256 41.717 
-83.4257 41.7177 
-83.4261 41.7178 
-83.4262 41.7177 
-83.4263 41.7176 
-83.426 41.7167 
-83.426 41.7174 
-83.426 41.7175 
-83.4394 41.7919 
-83.4696 41.7051 
-83.5683 41.9336 
-83.5747 41.7367 
-83.7084 41.8324 
